0 0.0772506082725061 0.4397810218978102 0.15450121654501217 0.21167883211678828
0 0.2347931873479319 0.40145985401459855 0.16058394160583941 0.1934306569343066
0 0.1745742092457418 0.6058394160583944 0.18369829683698277 0.25912408759124034
0 0.33515815085158124 0.49543795620437947 0.16423357664233587 0.23540145985401437
0 0.12591240875912402 0.8540145985401457 0.2055961070559609 0.2554744525547441
0 0.28467153284671504 0.7563868613138662 0.19708029197080296 0.2791970802919702
0 0.04622871046228712 0.6797445255474447 0.09245742092457424 0.26459854014598644
0 0.6514598540145985 0.749087591240876 0.16666666666666657 0.279197080291971
0 0.8436739659367396 0.697992700729927 0.19099756690997552 0.28649635036496357
0 0.7372262773722628 0.8941605839416059 0.14355231143552316 0.19708029197080293
0 0.7031630170316302 0.5018248175182483 0.18248175182481746 0.22992700729927001
0 0.8801703163017032 0.4689781021897809 0.18613138686131392 0.22992700729927001
0 0.9038929440389287 0.9023722627737228 0.1727493917274937 0.18795620437956276
0 0.9604622871046229 0.6888686131386861 0.07420924574209238 0.2937956204379562
0 0.6636253041362531 0.12043795620437958 0.013381995133819942 0.010948905109489059
0 0.677007299270073 0.07846715328467153 0.15450121654501217 0.15693430656934307
0 0.41484184914841826 0.11222627737226258 0.11678832116788343 0.19890510948905074
0 0.5656934306569342 0.16879562043795573 0.09975669099756748 0.14781021897810176
0 0.5535279805352799 0.047445255474452566 0.09975669099756683 0.09124087591240877
