0 0.2883211678832117 0.11861313868613141 0.11240875912408761 0.1496350364963504
0 0.34671532846715325 0.21989051094890513 0.10072992700729923 0.14416058394160586
0 0.2656934306569343 0.30200729927007297 0.12846715328467148 0.17335766423357665
0 0.3051094890510949 0.4151459854014598 0.1343065693430657 0.16240875912408761
0 0.4598540145985402 0.2107664233576642 0.1051094890510948 0.14416058394160586
0 0.4321167883211679 0.4297445255474453 0.10802919708029193 0.16605839416058393
0 0.5532846715328468 0.4516423357664233 0.12846715328467156 0.1843065693430657
0 0.645985401459854 0.5583941605839415 0.14160583941605828 0.1678832116788321
0 0.5576642335766419 0.6979927007299273 0.13430656934306584 0.17335766423357646
0 0.41824817518248175 0.6906934306569343 0.15036496350364956 0.19525547445255476
0 0.6175182481751824 0.8421532846715328 0.14014598540145976 0.19160583941605835
